30.0000,0.0006,0.0250,0.0000,0.0000,0.0000,0.0000,0.0000,0.0000,0.0000,0.0000,0.0000,0.0000,0.0000,0.3000,0.0000
60.0000,0.0006,0.0250,0.0019,0.0750,0.0000,0.0011,-0.9000,0.0000,0.0000,0.0000,0.0000,0.0000,0.0000,0.3000,0.0000
90.0000,0.0025,0.0499,0.0074,0.1464,0.0001,0.0022,-0.8170,0.0783,-0.9000,0.0000,-0.0270,0.0000,0.0000,0.2730,0.0000
120.0000,0.0025,0.0499,0.0074,0.1464,0.0001,0.0022,-0.8170,0.0783,-0.8164,0.2825,-0.0245,-0.0001,0.0082,0.2755,0.0023
150.0000,0.0056,0.0747,0.0072,0.1431,0.0001,0.0022,-0.8187,0.1461,-0.8164,0.5287,-0.0245,-0.0002,0.0153,0.2754,0.0043
180.0000,0.0100,0.0993,0.0165,0.2176,0.0002,0.0033,-0.8091,0.2145,-0.8056,0.7576,-0.0243,-0.0004,0.0193,0.2756,0.0054
210.0000,0.0100,0.0993,0.0292,0.2881,0.0004,0.0044,-0.7969,0.2822,-0.8045,0.7661,-0.0241,-0.0005,0.0230,0.2758,0.0063
240.0000,0.0155,0.1237,0.0286,0.2849,0.0004,0.0043,-0.7969,0.2822,-0.7902,1.0015,-0.0239,-0.0005,0.0265,0.2760,0.0074
270.0000,0.0155,0.1237,0.0453,0.3581,0.0007,0.0054,-0.7981,0.2757,-0.7894,0.9985,-0.0237,-0.0007,0.0300,0.2762,0.0083
300.0000,0.0223,0.1478,0.0446,0.3548,0.0007,0.0054,-0.7812,0.3496,-0.7676,1.2615,-0.0231,-0.0008,0.0376,0.2767,0.0104
330.0000,0.0303,0.1714,0.0880,0.4949,0.0013,0.0075,-0.7381,0.4868,-0.7702,1.2302,-0.0231,-0.0009,0.0369,0.2767,0.0102
360.0000,0.0303,0.1714,0.0869,0.4918,0.0013,0.0075,-0.7424,0.4738,-0.7122,1.7470,-0.0215,-0.0010,0.0519,0.2781,0.0145
390.0000,0.0395,0.1947,0.1144,0.5617,0.0017,0.0085,-0.7424,0.4738,-0.7166,1.7069,-0.0215,-0.0011,0.0512,0.2781,0.0142
420.0000,0.0395,0.1947,0.1132,0.5585,0.0017,0.0085,-0.7186,0.5351,-0.6820,1.9504,-0.0205,-0.0012,0.0583,0.2790,0.0163
450.0000,0.0498,0.2175,0.1442,0.6269,0.0022,0.0095,-0.6863,0.6069,-0.6861,1.9206,-0.0205,-0.0012,0.0581,0.2790,0.0162
480.0000,0.0612,0.2397,0.1771,0.6905,0.0027,0.0105,-0.6890,0.6010,-0.6457,2.1663,-0.0195,-0.0012,0.0645,0.2799,0.0182
510.0000,0.0612,0.2397,0.1756,0.6876,0.0027,0.0105,-0.6564,0.6646,-0.6485,2.1481,-0.0194,-0.0013,0.0647,0.2800,0.0181
540.0000,0.0737,0.2613,0.2132,0.7526,0.0032,0.0114,-0.6564,0.6646,-0.6079,2.3642,-0.0183,-0.0013,0.0707,0.2810,0.0199
570.0000,0.0737,0.2613,0.2132,0.7526,0.0032,0.0114,-0.6201,0.7271,-0.5670,2.5641,-0.0170,-0.0012,0.0769,0.2821,0.0218
600.0000,0.0873,0.2823,0.2115,0.7497,0.0032,0.0114,-0.6253,0.7185,-0.5686,2.5471,-0.0170,-0.0013,0.0764,0.2821,0.0216
630.0000,0.1020,0.3026,0.2523,0.8127,0.0038,0.0124,-0.5825,0.7850,-0.5209,2.7572,-0.0156,-0.0012,0.0827,0.2834,0.0236
660.0000,0.1020,0.3026,0.2944,0.8707,0.0045,0.0132,-0.5424,0.8397,-0.4663,2.9474,-0.0140,-0.0012,0.0883,0.2848,0.0252
690.0000,0.1176,0.3221,0.2925,0.8680,0.0045,0.0132,-0.5467,0.8347,-0.4708,2.9325,-0.0141,-0.0012,0.0880,0.2848,0.0251
720.0000,0.1176,0.3221,0.3394,0.9267,0.0052,0.0141,-0.5485,0.8324,-0.4735,2.9241,-0.0141,-0.0012,0.0877,0.2847,0.0250
750.0000,0.1342,0.3408,0.3373,0.9240,0.0051,0.0141,-0.5014,0.8911,-0.4214,3.1054,-0.0134,-0.0012,0.0904,0.2854,0.0259
780.0000,0.1516,0.3587,0.3871,0.9802,0.0059,0.0149,-0.4515,0.9472,-0.3561,3.2901,-0.0108,-0.0010,0.0985,0.2878,0.0285
810.0000,0.1516,0.3587,0.4373,1.0313,0.0066,0.0157,-0.4060,0.9929,-0.3062,3.4270,-0.0099,-0.0010,0.1008,0.2886,0.0292
840.0000,0.1700,0.3756,0.4350,1.0290,0.0066,0.0157,-0.4109,0.9884,-0.3076,3.4175,-0.0092,-0.0009,0.1025,0.2893,0.0298
870.0000,0.1700,0.3756,0.4902,1.0799,0.0075,0.0164,-0.3553,1.0399,-0.2470,3.5694,-0.0083,-0.0009,0.1048,0.2901,0.0305
900.0000,0.1892,0.3917,0.4877,1.0776,0.0074,0.0164,-0.3603,1.0353,-0.2477,3.5593,-0.0074,-0.0008,0.1068,0.2909,0.0312
930.0000,0.2092,0.4067,0.5453,1.1258,0.0083,0.0171,-0.3025,1.0836,-0.1853,3.6990,-0.0055,-0.0006,0.1110,0.2926,0.0326
960.0000,0.2092,0.4067,0.6026,1.1687,0.0092,0.0178,-0.2478,1.1242,-0.1178,3.8172,-0.0036,-0.0004,0.1145,0.2945,0.0339
990.0000,0.2298,0.4207,0.6000,1.1668,0.0091,0.0178,-0.2560,1.1185,-0.1265,3.8013,-0.0036,-0.0004,0.1143,0.2944,0.0338
1020.0000,0.2298,0.4207,0.6593,1.2070,0.0100,0.0184,-0.1909,1.1627,-0.0530,3.9237,-0.0017,-0.0002,0.1177,0.2962,0.0350
1050.0000,0.2512,0.4337,0.6593,1.2070,0.0100,0.0184,-0.1992,1.1571,-0.0619,3.9082,-0.0017,-0.0002,0.1175,0.2962,0.0350
1080.0000,0.2732,0.4456,0.7866,1.2799,0.0120,0.0195,-0.1321,1.1980,0.0129,4.0173,0.0003,0.0000,0.1205,0.2981,0.0361
1110.0000,0.2732,0.4456,0.7837,1.2784,0.0119,0.0195,-0.0718,1.2301,0.0766,4.0992,0.0013,0.0002,0.1217,0.2991,0.0366
1140.0000,0.2958,0.4564,0.7837,1.2784,0.0119,0.0195,-0.0778,1.2270,0.0730,4.0909,0.0022,0.0003,0.1227,0.2999,0.0370
1170.0000,0.2958,0.4564,0.8515,1.3107,0.0130,0.0200,-0.0095,1.2596,0.1448,4.1710,0.0032,0.0004,0.1239,0.3009,0.0375
1200.0000,0.3188,0.4660,0.9177,1.3382,0.0140,0.0204,-0.0156,1.2567,0.1410,4.1627,0.0042,0.0005,0.1249,0.3019,0.0379
1230.0000,0.3423,0.4745,0.9177,1.3382,0.0140,0.0204,0.0540,1.2857,0.2137,4.2298,0.0053,0.0007,0.1259,0.3029,0.0383
1260.0000,0.3423,0.4745,0.9851,1.3624,0.0150,0.0207,0.1214,1.3096,0.2871,4.2783,0.0085,0.0011,0.1284,0.3061,0.0395
1290.0000,0.3663,0.4818,0.9821,1.3613,0.0150,0.0207,0.1087,1.3050,0.2749,4.2677,0.0084,0.0011,0.1282,0.3059,0.0394
1320.0000,0.3663,0.4818,1.0539,1.3831,0.0160,0.0211,0.1843,1.3280,0.3523,4.3121,0.0105,0.0014,0.1294,0.3080,0.0401
1350.0000,0.3905,0.4879,1.0507,1.3822,0.0160,0.0210,0.1747,1.3251,0.3442,4.3052,0.0104,0.0014,0.1292,0.3079,0.0400
1380.0000,0.4150,0.4927,1.1938,1.4142,0.0182,0.0215,0.2511,1.3444,0.4222,4.3361,0.0126,0.0016,0.1301,0.3100,0.0405
1410.0000,0.4150,0.4927,1.1938,1.4142,0.0182,0.0215,0.3182,1.3572,0.4915,4.3481,0.0136,0.0018,0.1302,0.3111,0.0407
1440.0000,0.4397,0.4964,1.2649,1.4245,0.0192,0.0217,0.3118,1.3559,0.4855,4.3462,0.0144,0.0019,0.1304,0.3119,0.0409
1470.0000,0.4646,0.4987,1.2649,1.4245,0.0192,0.0217,0.3869,1.3669,0.5615,4.3496,0.0167,0.0022,0.1305,0.3141,0.0412
1500.0000,0.4646,0.4987,1.3362,1.4312,0.0203,0.0218,0.4547,1.3729,0.6295,4.3401,0.0187,0.0025,0.1302,0.3162,0.0414
1530.0000,0.4896,0.4999,1.3329,1.4309,0.0203,0.0218,0.4452,1.3720,0.6197,4.3419,0.0184,0.0024,0.1303,0.3159,0.0414
1560.0000,0.4896,0.4999,1.4079,1.4343,0.0214,0.0218,0.4461,1.3721,0.6206,4.3417,0.0184,0.0024,0.1303,0.3159,0.0414
1590.0000,0.5146,0.4998,1.4045,1.4342,0.0214,0.0218,0.5245,1.3757,0.6978,4.3212,0.0208,0.0027,0.1296,0.3183,0.0415
1620.0000,0.5396,0.4984,1.4796,1.4338,0.0225,0.0218,0.5139,1.3752,0.6873,4.3242,0.0204,0.0027,0.1297,0.3179,0.0415
1650.0000,0.5396,0.4984,1.5511,1.4298,0.0236,0.0218,0.6682,1.3707,0.8367,4.2493,0.0249,0.0032,0.1274,0.3225,0.0413
1680.0000,0.5644,0.4958,1.5479,1.4300,0.0236,0.0218,0.6510,1.3714,0.8201,4.2582,0.0244,0.0031,0.1277,0.3220,0.0413
1710.0000,0.5644,0.4958,1.6226,1.4222,0.0247,0.0217,0.7306,1.3631,0.8220,4.2566,0.0245,0.0031,0.1277,0.3220,0.0413
1740.0000,0.5891,0.4920,1.6192,1.4225,0.0247,0.0217,0.7201,1.3642,0.8982,4.1966,0.0267,0.0034,0.1259,0.3244,0.0411
1770.0000,0.6136,0.4869,1.6934,1.4110,0.0258,0.0215,0.7201,1.3642,0.8862,4.2089,0.0264,0.0033,0.1263,0.3240,0.0411
1800.0000,0.6136,0.4869,1.7635,1.3963,0.0268,0.0213,0.8650,1.3379,0.9627,4.1357,0.0287,0.0036,0.1241,0.3263,0.0407
1830.0000,0.6378,0.4806,1.7603,1.3970,0.0268,0.0213,0.8650,1.3379,1.0214,4.0753,0.0304,0.0038,0.1222,0.3282,0.0403
1860.0000,0.6378,0.4806,1.8330,1.3781,0.0279,0.0210,0.8561,1.3399,1.0131,4.0849,0.0302,0.0037,0.1225,0.3279,0.0404
1890.0000,0.6616,0.4732,1.8297,1.3789,0.0279,0.0210,0.9329,1.3199,1.0837,3.9973,0.0323,0.0039,0.1198,0.3302,0.0398
1920.0000,0.6851,0.4645,1.9013,1.3565,0.0289,0.0207,0.9227,1.3227,1.0744,4.0093,0.0320,0.0039,0.1203,0.3298,0.0399
1950.0000,0.6851,0.4645,1.9685,1.3315,0.0300,0.0203,0.9987,1.2989,1.1434,3.9115,0.0341,0.0040,0.1172,0.3321,0.0391
1980.0000,0.7081,0.4546,1.9654,1.3326,0.0299,0.0203,1.0621,1.2750,1.2041,3.8062,0.0359,0.0042,0.1142,0.3339,0.0384
2010.0000,0.7081,0.4546,2.0344,1.3031,0.0310,0.0199,1.0534,1.2783,1.1931,3.8300,0.0355,0.0041,0.1150,0.3336,0.0385
2040.0000,0.7305,0.4437,2.0313,1.3044,0.0309,0.0199,1.1267,1.2471,1.2622,3.6990,0.0366,0.0042,0.1129,0.3347,0.0380
2070.0000,0.7524,0.4316,2.0988,1.2715,0.0319,0.0194,1.1883,1.2166,1.2526,3.7237,0.0373,0.0042,0.1118,0.3354,0.0376
2100.0000,0.7524,0.4316,2.1614,1.2367,0.0329,0.0188,1.1883,1.2166,1.3165,3.5886,0.0383,0.0043,0.1097,0.3365,0.0371
2130.0000,0.7737,0.4184,2.1586,1.2383,0.0329,0.0189,1.2394,1.1882,1.3666,3.4851,0.0409,0.0044,0.1041,0.3393,0.0355
2160.0000,0.7737,0.4184,2.2224,1.1988,0.0338,0.0183,1.3070,1.1466,1.3567,3.5080,0.0406,0.0043,0.1049,0.3390,0.0357
2190.0000,0.7943,0.4042,2.2195,1.2006,0.0338,0.0183,1.3070,1.1466,1.4152,3.3665,0.0424,0.0044,0.1003,0.3409,0.0345
2220.0000,0.8141,0.3890,2.2813,1.1579,0.0347,0.0176,1.3637,1.1071,1.4079,3.3842,0.0421,0.0043,0.1013,0.3406,0.0346
2250.0000,0.8141,0.3890,2.3381,1.1142,0.0356,0.0170,1.4175,1.0653,1.4639,3.2360,0.0438,0.0044,0.0963,0.3425,0.0333
2280.0000,0.8331,0.3729,2.3355,1.1162,0.0356,0.0170,1.4175,1.0653,1.5141,3.0764,0.0445,0.0043,0.0947,0.3431,0.0327
2310.0000,0.8331,0.3729,2.3927,1.0676,0.0364,0.0163,1.4128,1.0691,1.5064,3.1088,0.0450,0.0042,0.0934,0.3437,0.0322
2340.0000,0.8514,0.3557,2.3901,1.0698,0.0364,0.0163,1.4710,1.0199,1.5596,2.9282,0.0458,0.0043,0.0906,0.3446,0.0314
2370.0000,0.8687,0.3377,2.4449,1.0183,0.0372,0.0155,1.4657,1.0244,1.5511,2.9659,0.0463,0.0041,0.0892,0.3451,0.0308
2400.0000,0.8687,0.3377,2.4944,0.9666,0.0380,0.0147,1.5704,0.9208,1.6016,2.7781,0.0471,0.0042,0.0862,0.3460,0.0300
2430.0000,0.8851,0.3189,2.4922,0.9690,0.0380,0.0148,1.5616,0.9306,1.6375,2.6508,0.0491,0.0039,0.0789,0.3481,0.0275
2460.0000,0.8851,0.3189,2.5415,0.9124,0.0387,0.0139,1.5616,0.9306,1.6306,2.6788,0.0488,0.0039,0.0804,0.3478,0.0280
2490.0000,0.9006,0.2992,2.5393,0.9149,0.0387,0.0139,1.6073,0.8785,1.6739,2.4960,0.0501,0.0038,0.0743,0.3493,0.0261
2520.0000,0.9150,0.2788,2.5857,0.8559,0.0394,0.0130,1.6564,0.8162,1.6685,2.5194,0.0499,0.0038,0.0756,0.3491,0.0264
2550.0000,0.9150,0.2788,2.6270,0.7974,0.0400,0.0122,1.6953,0.7605,1.7086,2.3342,0.0513,0.0038,0.0689,0.3505,0.0244
2580.0000,0.9284,0.2578,2.6251,0.8001,0.0400,0.0122,1.6920,0.7655,1.7444,2.1335,0.0517,0.0036,0.0670,0.3510,0.0237
2610.0000,0.9284,0.2578,2.6654,0.7367,0.0406,0.0112,1.7330,0.7014,1.7386,2.1766,0.0520,0.0034,0.0656,0.3514,0.0230
2640.0000,0.9408,0.2360,2.6636,0.7396,0.0406,0.0113,1.7330,0.7014,1.7751,1.9560,0.0526,0.0034,0.0620,0.3520,0.0220
2670.0000,0.9520,0.2137,2.7007,0.6743,0.0411,0.0103,1.7669,0.6413,1.7688,2.0049,0.0529,0.0031,0.0605,0.3524,0.0213
2700.0000,0.9520,0.2137,2.7328,0.6102,0.0416,0.0093,1.7986,0.5774,1.8022,1.7799,0.0535,0.0032,0.0568,0.3530,0.0202
2730.0000,0.9622,0.1908,2.7313,0.6131,0.0416,0.0093,1.7929,0.5894,1.8243,1.6344,0.0547,0.0029,0.0481,0.3544,0.0173
2760.0000,0.9622,0.1908,2.7617,0.5445,0.0420,0.0083,1.8251,0.5168,1.8196,1.6693,0.0546,0.0027,0.0496,0.3542,0.0175
2790.0000,0.9711,0.1675,2.7603,0.5476,0.0420,0.0083,1.8251,0.5168,1.8454,1.4628,0.0554,0.0027,0.0425,0.3551,0.0154
2820.0000,0.9789,0.1437,2.7872,0.4775,0.0424,0.0073,1.8210,0.5263,1.8424,1.4865,0.0553,0.0024,0.0442,0.3550,0.0157
2850.0000,0.9789,0.1437,2.8094,0.4094,0.0428,0.0062,1.8703,0.3877,1.8651,1.2790,0.0560,0.0024,0.0369,0.3558,0.0135
2880.0000,0.9855,0.1196,2.8083,0.4125,0.0428,0.0063,1.8686,0.3934,1.8838,1.0522,0.0562,0.0021,0.0350,0.3560,0.0126
2910.0000,0.9855,0.1196,2.8281,0.3400,0.0431,0.0052,1.8887,0.3201,1.8807,1.1026,0.0564,0.0018,0.0334,0.3562,0.0118
2940.0000,0.9909,0.0952,2.8272,0.3433,0.0431,0.0052,1.8868,0.3269,1.8983,0.8583,0.0567,0.0019,0.0294,0.3565,0.0107
2970.0000,0.9950,0.0706,2.8434,0.2700,0.0433,0.0041,1.8868,0.3269,1.8952,0.9142,0.0568,0.0015,0.0278,0.3567,0.0098
3000.0000,0.9950,0.0706,2.8551,0.1993,0.0435,0.0031,1.9032,0.2528,1.9094,0.6685,0.0570,0.0016,0.0237,0.3570,0.0087
3030.0000,0.9979,0.0457,2.8546,0.2025,0.0435,0.0031,1.9146,0.1824,1.9171,0.5160,0.0575,0.0011,0.0144,0.3575,0.0054
3060.0000,0.9979,0.0457,2.8633,0.1279,0.0436,0.0020,1.9218,0.1168,1.9153,0.5533,0.0575,0.0009,0.0160,0.3574,0.0057
3090.0000,0.9996,0.0208,2.8629,0.1313,0.0436,0.0020,1.9206,0.1271,1.9235,0.2829,0.0577,0.0008,0.0085,0.3577,0.0034
3120.0000,1.0000,-0.0042,2.8679,0.0564,0.0437,0.0009,1.9260,0.0474,1.9219,0.3528,0.0577,0.0006,0.0108,0.3576,0.0039
3150.0000,1.0000,-0.0042,2.8689,-0.0152,0.0437,-0.0002,1.9266,-0.0198,1.9264,0.0902,0.0578,0.0005,0.0027,0.3578,0.0013
3180.0000,0.9991,-0.0292,2.8689,-0.0120,0.0437,-0.0002,1.9266,-0.0105,1.9267,-0.0500,0.0578,-0.0001,-0.0020,0.3578,-0.0007
3210.0000,0.9991,-0.0292,2.8664,-0.0870,0.0437,-0.0013,1.9239,-0.0896,1.9266,-0.0254,0.0578,-0.0001,-0.0011,0.3578,-0.0004
3240.0000,0.9971,-0.0541,2.8665,-0.0836,0.0437,-0.0013,1.9243,-0.0794,1.9243,-0.2680,0.0577,-0.0002,-0.0084,0.3577,-0.0027
3270.0000,0.9937,-0.0789,2.8602,-0.1585,0.0436,-0.0024,1.9177,-0.1586,1.9249,-0.2131,0.0577,-0.0004,-0.0064,0.3577,-0.0024
3300.0000,0.9937,-0.0789,2.8505,-0.2294,0.0434,-0.0035,1.9081,-0.2252,1.9198,-0.4350,0.0576,-0.0007,-0.0138,0.3575,-0.0049
3330.0000,0.9892,-0.1035,2.8510,-0.2262,0.0434,-0.0034,1.9094,-0.2159,1.9109,-0.6677,0.0573,-0.0008,-0.0200,0.3573,-0.0069
3360.0000,0.9892,-0.1035,2.8373,-0.3000,0.0432,-0.0046,1.8949,-0.2943,1.9130,-0.6066,0.0574,-0.0011,-0.0180,0.3573,-0.0064
3390.0000,0.9834,-0.1278,2.8379,-0.2967,0.0432,-0.0045,1.8969,-0.2834,1.9000,-0.8660,0.0570,-0.0011,-0.0260,0.3569,-0.0089
3420.0000,0.9764,-0.1518,2.8205,-0.3698,0.0430,-0.0056,1.8969,-0.2834,1.9030,-0.7965,0.0571,-0.0014,-0.0237,0.3570,-0.0085
3450.0000,0.9764,-0.1518,2.8004,-0.4385,0.0426,-0.0067,1.8590,-0.4256,1.8865,-1.0540,0.0566,-0.0015,-0.0316,0.3564,-0.0109
3480.0000,0.9682,-0.1754,2.8013,-0.4353,0.0427,-0.0066,1.8614,-0.4167,1.8734,-1.1906,0.0561,-0.0020,-0.0362,0.3559,-0.0128
3510.0000,0.9682,-0.1754,2.7767,-0.5063,0.0423,-0.0077,1.8355,-0.4919,1.8751,-1.1665,0.0562,-0.0020,-0.0350,0.3560,-0.0125
3540.0000,0.9589,-0.1986,2.7778,-0.5031,0.0423,-0.0077,1.8389,-0.4815,1.8548,-1.3767,0.0555,-0.0023,-0.0420,0.3553,-0.0149
3570.0000,0.9484,-0.2213,2.7497,-0.5727,0.0419,-0.0087,1.8389,-0.4815,1.8572,-1.3504,0.0557,-0.0023,-0.0405,0.3554,-0.0144
3600.0000,0.9484,-0.2213,2.7195,-0.6377,0.0414,-0.0097,1.7801,-0.6164,1.8338,-1.5592,0.0549,-0.0025,-0.0475,0.3546,-0.0168
3630.0000,0.9368,-0.2434,2.7209,-0.6347,0.0414,-0.0097,1.7801,-0.6164,1.8070,-1.7750,0.0541,-0.0026,-0.0533,0.3537,-0.0186
3660.0000,0.9368,-0.2434,2.6860,-0.7012,0.0409,-0.0107,1.7469,-0.6785,1.8128,-1.7193,0.0543,-0.0028,-0.0514,0.3539,-0.0182
3690.0000,0.9241,-0.2649,2.6875,-0.6982,0.0409,-0.0106,1.7519,-0.6687,1.7796,-1.9584,0.0533,-0.0028,-0.0588,0.3528,-0.0205
3720.0000,0.9103,-0.2858,2.6494,-0.7629,0.0404,-0.0116,1.7112,-0.7375,1.7869,-1.8959,0.0536,-0.0031,-0.0565,0.3531,-0.0201
3750.0000,0.9103,-0.2858,2.6098,-0.8225,0.0398,-0.0125,1.6718,-0.7967,1.7504,-2.1301,0.0530,-0.0030,-0.0604,0.3524,-0.0211
3780.0000,0.8955,-0.3059,2.6116,-0.8198,0.0398,-0.0125,1.6786,-0.7853,1.7226,-2.2662,0.0515,-0.0034,-0.0688,0.3508,-0.0240
3810.0000,0.8955,-0.3059,2.5671,-0.8803,0.0391,-0.0134,1.6316,-0.8493,1.7281,-2.2315,0.0516,-0.0035,-0.0675,0.3510,-0.0238
3840.0000,0.8797,-0.3253,2.5691,-0.8776,0.0391,-0.0134,1.6316,-0.8493,1.6898,-2.4220,0.0504,-0.0035,-0.0738,0.3496,-0.0256
3870.0000,0.8630,-0.3439,2.5217,-0.9358,0.0384,-0.0142,1.5881,-0.9018,1.6494,-2.6137,0.0500,-0.0037,-0.0755,0.3491,-0.0263
3900.0000,0.8630,-0.3439,2.4737,-0.9889,0.0377,-0.0150,1.5394,-0.9552,1.6134,-2.7467,0.0481,-0.0038,-0.0832,0.3471,-0.0288
3930.0000,0.8453,-0.3616,2.4759,-0.9865,0.0377,-0.0150,1.5477,-0.9453,1.6202,-2.7157,0.0483,-0.0040,-0.0819,0.3473,-0.0286
3960.0000,0.8453,-0.3616,2.4229,-1.0397,0.0369,-0.0158,1.4963,-0.9969,1.5709,-2.9064,0.0469,-0.0039,-0.0874,0.3458,-0.0301
3990.0000,0.8268,-0.3784,2.4253,-1.0373,0.0369,-0.0158,1.4963,-0.9969,1.5774,-2.8759,0.0471,-0.0041,-0.0863,0.3460,-0.0300
4020.0000,0.8075,-0.3943,2.3697,-1.0878,0.0361,-0.0166,1.4980,-0.9948,1.5781,-2.8739,0.0472,-0.0041,-0.0862,0.3461,-0.0299
4050.0000,0.8075,-0.3943,2.3167,-1.1311,0.0353,-0.0172,1.3924,-1.0857,1.4710,-3.2403,0.0440,-0.0039,-0.0972,0.3425,-0.0330
4080.0000,0.7874,-0.4091,2.2564,-1.1757,0.0344,-0.0179,1.3931,-1.0848,1.4886,-3.1648,0.0445,-0.0042,-0.0947,0.3431,-0.0326
4110.0000,0.7874,-0.4091,2.2564,-1.1757,0.0344,-0.0179,1.3301,-1.1315,1.4897,-3.1596,0.0445,-0.0042,-0.0948,0.3431,-0.0326
4140.0000,0.7666,-0.4230,2.1966,-1.2154,0.0335,-0.0185,1.3384,-1.1251,1.4365,-3.3101,0.0428,-0.0042,-0.0997,0.3413,-0.0341
4170.0000,0.7451,-0.4358,2.1350,-1.2519,0.0325,-0.0191,1.2721,-1.1693,1.4433,-3.2895,0.0431,-0.0043,-0.0987,0.3416,-0.0338
4200.0000,0.7451,-0.4358,2.1350,-1.2519,0.0325,-0.0191,1.2721,-1.1693,1.3865,-3.4372,0.0413,-0.0042,-0.1035,0.3397,-0.0352
4230.0000,0.7230,-0.4475,2.0715,-1.2854,0.0316,-0.0196,1.2212,-1.1987,1.3336,-3.5667,0.0398,-0.0042,-0.1070,0.3381,-0.0362
4260.0000,0.7230,-0.4475,2.0715,-1.2854,0.0316,-0.0196,1.1511,-1.2358,1.3414,-3.5420,0.0400,-0.0043,-0.1062,0.3383,-0.0361
4290.0000,0.7004,-0.4581,2.0064,-1.3156,0.0306,-0.0200,1.1606,-1.2307,1.2757,-3.6893,0.0381,-0.0041,-0.1107,0.3362,-0.0372
4320.0000,0.6773,-0.4675,1.9401,-1.3425,0.0296,-0.0204,1.0882,-1.2645,1.2881,-3.6551,0.0384,-0.0042,-0.1096,0.3366,-0.0370
4350.0000,0.6773,-0.4675,1.9431,-1.3413,0.0296,-0.0204,1.0253,-1.2899,1.2200,-3.7929,0.0374,-0.0041,-0.1117,0.3355,-0.0376
4380.0000,0.6537,-0.4758,1.9431,-1.3413,0.0296,-0.0204,1.0338,-1.2859,1.1683,-3.8731,0.0347,-0.0040,-0.1165,0.3327,-0.0389
4410.0000,0.6297,-0.4829,1.8754,-1.3650,0.0286,-0.0208,0.9591,-1.3121,1.1759,-3.8581,0.0349,-0.0041,-0.1160,0.3329,-0.0388
4440.0000,0.6297,-0.4829,1.8034,-1.3863,0.0275,-0.0211,0.9688,-1.3087,1.1084,-3.9624,0.0329,-0.0039,-0.1193,0.3308,-0.0395
4470.0000,0.6054,-0.4888,1.8034,-1.3863,0.0275,-0.0211,0.8927,-1.3312,1.1172,-3.9487,0.0331,-0.0040,-0.1187,0.3310,-0.0395
4500.0000,0.6054,-0.4888,1.7338,-1.4030,0.0264,-0.0214,0.8264,-1.3467,1.0477,-4.0434,0.0311,-0.0037,-0.1216,0.3289,-0.0401
4530.0000,0.5808,-0.4934,1.6632,-1.4162,0.0253,-0.0216,0.8323,-1.3452,0.9833,-4.1226,0.0302,-0.0037,-0.1225,0.3280,-0.0403
4560.0000,0.5561,-0.4968,1.6632,-1.4162,0.0253,-0.0216,0.7574,-1.3593,0.9914,-4.1091,0.0295,-0.0037,-0.1232,0.3273,-0.0405
4590.0000,0.5561,-0.4968,1.5954,-1.4254,0.0243,-0.0217,0.6866,-1.3687,0.9188,-4.1861,0.0284,-0.0035,-0.1244,0.3261,-0.0408
4620.0000,0.5312,-0.4990,1.5954,-1.4254,0.0243,-0.0217,0.6995,-1.3667,0.8547,-4.2352,0.0254,-0.0032,-0.1272,0.3230,-0.0413
4650.0000,0.5312,-0.4990,1.5240,-1.4317,0.0232,-0.0218,0.6205,-1.3737,0.8670,-4.2236,0.0256,-0.0033,-0.1269,0.3232,-0.0412
4680.0000,0.5062,-0.5000,1.4490,-1.4345,0.0221,-0.0218,0.6305,-1.3728,0.7913,-4.2763,0.0235,-0.0030,-0.1283,0.3210,-0.0414
4710.0000,0.4812,-0.4996,1.3773,-1.4334,0.0210,-0.0218,0.6305,-1.3728,0.8009,-4.2695,0.0238,-0.0031,-0.1281,0.3214,-0.0414
4740.0000,0.4812,-0.4996,1.3773,-1.4334,0.0210,-0.0218,0.4900,-1.3745,0.6507,-4.3374,0.0193,-0.0025,-0.1302,0.3168,-0.0415
4770.0000,0.4563,-0.4981,1.3057,-1.4288,0.0199,-0.0218,0.4920,-1.3746,0.6642,-4.3310,0.0198,-0.0026,-0.1299,0.3172,-0.0415
4800.0000,0.4563,-0.4981,1.3090,-1.4290,0.0199,-0.0218,0.4170,-1.3699,0.6660,-4.3308,0.0198,-0.0026,-0.1299,0.3173,-0.0415
4830.0000,0.4314,-0.4953,1.2344,-1.4205,0.0188,-0.0216,0.3458,-1.3615,0.5910,-4.3477,0.0176,-0.0023,-0.1304,0.3150,-0.0413
4860.0000,0.4067,-0.4912,1.1638,-1.4088,0.0177,-0.0215,0.2783,-1.3499,0.5200,-4.3497,0.0155,-0.0020,-0.1305,0.3129,-0.0411
4890.0000,0.4067,-0.4912,1.1670,-1.4093,0.0178,-0.0215,0.2813,-1.3505,0.4515,-4.3409,0.0144,-0.0019,-0.1304,0.3119,-0.0409
4920.0000,0.3823,-0.4860,1.0936,-1.3935,0.0167,-0.0212,0.2874,-1.3515,0.4543,-4.3416,0.0135,-0.0018,-0.1303,0.3110,-0.0407
4950.0000,0.3823,-0.4860,1.0969,-1.3942,0.0167,-0.0212,0.2104,-1.3349,0.4605,-4.3424,0.0136,-0.0018,-0.1303,0.3111,-0.0407
4980.0000,0.3582,-0.4795,1.0969,-1.3942,0.0167,-0.0212,0.2104,-1.3349,0.3812,-4.3216,0.0114,-0.0015,-0.1296,0.3088,-0.0403
5010.0000,0.3344,-0.4718,0.9563,-1.3525,0.0146,-0.0206,0.1443,-1.3166,0.3915,-4.3245,0.0115,-0.0015,-0.1297,0.3090,-0.0403
5040.0000,0.3344,-0.4718,0.9563,-1.3525,0.0146,-0.0206,0.0795,-1.2952,0.3121,-4.2907,0.0093,-0.0012,-0.1287,0.3068,-0.0397
5070.0000,0.3110,-0.4629,0.9594,-1.3535,0.0146,-0.0206,0.0795,-1.2952,0.2451,-4.2475,0.0083,-0.0011,-0.1281,0.3058,-0.0394
5100.0000,0.3110,-0.4629,0.8924,-1.3281,0.0136,-0.0202,0.0149,-1.2702,0.2501,-4.2524,0.0074,-0.0010,-0.1276,0.3050,-0.0391
5130.0000,0.2881,-0.4529,0.8236,-1.2980,0.0126,-0.0198,0.0213,-1.2726,0.1764,-4.1931,0.0063,-0.0008,-0.1267,0.3039,-0.0387
5160.0000,0.2657,-0.4417,0.7596,-1.2659,0.0116,-0.0193,-0.0478,-1.2422,0.1810,-4.1995,0.0054,-0.0007,-0.1260,0.3030,-0.0384
5190.0000,0.2657,-0.4417,0.7596,-1.2659,0.0116,-0.0193,-0.1116,-1.2100,0.1087,-4.1277,0.0043,-0.0005,-0.1249,0.3020,-0.0379
5220.0000,0.2440,-0.4295,0.7625,-1.2673,0.0116,-0.0193,-0.0995,-1.2158,0.0358,-4.0485,0.0012,-0.0001,-0.1214,0.2989,-0.0365
5250.0000,0.2440,-0.4295,0.6970,-1.2305,0.0106,-0.0187,-0.0995,-1.2158,0.0485,-4.0629,0.0013,-0.0002,-0.1217,0.2990,-0.0366
5280.0000,0.2228,-0.4161,0.7000,-1.2322,0.0107,-0.0188,-0.1682,-1.1771,-0.0274,-3.9623,-0.0007,0.0001,-0.1189,0.2972,-0.0355
5310.0000,0.2024,-0.4018,0.5780,-1.1508,0.0088,-0.0175,-0.2230,-1.1418,-0.0891,-3.8629,-0.0017,0.0002,-0.1174,0.2962,-0.0349
5340.0000,0.2024,-0.4018,0.5806,-1.1527,0.0088,-0.0176,-0.2815,-1.1002,-0.0894,-3.8665,-0.0027,0.0003,-0.1160,0.2953,-0.0344
5370.0000,0.1827,-0.3864,0.5806,-1.1527,0.0088,-0.0176,-0.2762,-1.1040,-0.1523,-3.7512,-0.0036,0.0004,-0.1143,0.2944,-0.0338
5400.0000,0.1827,-0.3864,0.5241,-1.1086,0.0080,-0.0169,-0.3355,-1.0573,-0.1503,-3.7601,-0.0045,0.0005,-0.1128,0.2936,-0.0333
5430.0000,0.1637,-0.3700,0.4673,-1.0595,0.0071,-0.0161,-0.3301,-1.0615,-0.2144,-3.6278,-0.0054,0.0006,-0.1108,0.2927,-0.0326
5460.0000,0.1457,-0.3528,0.4673,-1.0595,0.0071,-0.0161,-0.3301,-1.0615,-0.2126,-3.6372,-0.0063,0.0007,-0.1091,0.2919,-0.0320
5490.0000,0.1457,-0.3528,0.4156,-1.0099,0.0063,-0.0154,-0.3869,-1.0120,-0.2744,-3.4937,-0.0073,0.0008,-0.1070,0.2910,-0.0312
5520.0000,0.1285,-0.3346,0.4180,-1.0121,0.0064,-0.0154,-0.4284,-0.9714,-0.3354,-3.3431,-0.0100,0.0010,-0.1003,0.2885,-0.0290
5550.0000,0.1285,-0.3346,0.3687,-0.9601,0.0056,-0.0146,-0.4829,-0.9137,-0.3283,-3.3654,-0.0098,0.0010,-0.1010,0.2887,-0.0292
5580.0000,0.1122,-0.3156,0.3687,-0.9601,0.0056,-0.0146,-0.4829,-0.9137,-0.3883,-3.1923,-0.0116,0.0012,-0.0958,0.2870,-0.0275
5610.0000,0.0969,-0.2959,0.3198,-0.9030,0.0049,-0.0138,-0.5269,-0.8612,-0.3848,-3.2093,-0.0115,0.0011,-0.0963,0.2871,-0.0277
5640.0000,0.0969,-0.2959,0.2761,-0.8463,0.0042,-0.0129,-0.5679,-0.8072,-0.4417,-3.0260,-0.0132,0.0013,-0.0908,0.2856,-0.0259
5670.0000,0.0826,-0.2753,0.2352,-0.7872,0.0036,-0.0120,-0.5615,-0.8147,-0.4969,-2.8424,-0.0148,0.0013,-0.0854,0.2841,-0.0243
5700.0000,0.0826,-0.2753,0.2372,-0.7900,0.0036,-0.0120,-0.6067,-0.7498,-0.4901,-2.8654,-0.0146,0.0013,-0.0860,0.2842,-0.0245
5730.0000,0.0694,-0.2541,0.1974,-0.7263,0.0030,-0.0111,-0.6421,-0.6918,-0.5449,-2.6526,-0.0162,0.0013,-0.0797,0.2828,-0.0226
5760.0000,0.0572,-0.2323,0.1627,-0.6637,0.0025,-0.0101,-0.6749,-0.6316,-0.5850,-2.4689,-0.0175,0.0014,-0.0741,0.2817,-0.0208
5790.0000,0.0572,-0.2323,0.1643,-0.6665,0.0025,-0.0101,-0.6697,-0.6400,-0.6305,-2.2531,-0.0188,0.0013,-0.0678,0.2805,-0.0190
5820.0000,0.0462,-0.2099,0.1310,-0.5992,0.0020,-0.0091,-0.7047,-0.5689,-0.6250,-2.2791,-0.0187,0.0013,-0.0684,0.2806,-0.0192
5850.0000,0.0462,-0.2099,0.1325,-0.6022,0.0020,-0.0092,-0.7016,-0.5752,-0.6684,-2.0374,-0.0199,0.0013,-0.0613,0.2795,-0.0171
5880.0000,0.0363,-0.1869,0.1027,-0.5333,0.0016,-0.0081,-0.6998,-0.5782,-0.6651,-2.0567,-0.0200,0.0012,-0.0614,0.2795,-0.0172
5910.0000,0.0275,-0.1635,0.0778,-0.4662,0.0012,-0.0071,-0.7313,-0.5056,-0.6626,-2.0681,-0.0198,0.0012,-0.0620,0.2796,-0.0174
5940.0000,0.0275,-0.1635,0.0789,-0.4692,0.0012,-0.0071,-0.7313,-0.5056,-0.6985,-1.8333,-0.0204,0.0013,-0.0585,0.2791,-0.0163
5970.0000,0.0199,-0.1397,0.0561,-0.3977,0.0009,-0.0061,-0.7509,-0.4508,-0.7326,-1.5925,-0.0218,0.0012,-0.0483,0.2778,-0.0133
6000.0000,0.0199,-0.1397,0.0572,-0.4009,0.0009,-0.0061,-0.7746,-0.3757,-0.7285,-1.6203,-0.0219,0.0010,-0.0482,0.2778,-0.0134
6030.0000,0.0135,-0.1155,0.0380,-0.3283,0.0006,-0.0050,-0.7715,-0.3852,-0.7584,-1.3578,-0.0226,0.0011,-0.0413,0.2771,-0.0113
6060.0000,0.0084,-0.0911,0.0233,-0.2582,0.0004,-0.0039,-0.7914,-0.3091,-0.7552,-1.3878,-0.0227,0.0009,-0.0412,0.2771,-0.0114
6090.0000,0.0084,-0.0911,0.0240,-0.2614,0.0004,-0.0040,-0.8050,-0.2421,-0.7804,-1.1197,-0.0234,0.0008,-0.0339,0.2765,-0.0093
6120.0000,0.0044,-0.0664,0.0122,-0.1872,0.0002,-0.0029,-0.8029,-0.2514,-0.7964,-0.8966,-0.0239,0.0008,-0.0269,0.2760,-0.0073
6150.0000,0.0044,-0.0664,0.0127,-0.1906,0.0002,-0.0029,-0.8153,-0.1732,-0.7958,-0.9108,-0.0239,0.0006,-0.0273,0.2760,-0.0075
6180.0000,0.0017,-0.0415,0.0127,-0.1906,0.0002,-0.0029,-0.8153,-0.1732,-0.8103,-0.6515,-0.0243,0.0006,-0.0195,0.2756,-0.0052
6210.0000,0.0003,-0.0166,0.0046,-0.1159,0.0001,-0.0018,-0.8221,-0.1055,-0.8208,-0.3851,-0.0246,0.0003,-0.0119,0.2754,-0.0032
6240.0000,0.0003,-0.0166,0.0006,-0.0444,0.0000,-0.0007,-0.8251,-0.0431,-0.8250,-0.1547,-0.0247,0.0002,-0.0046,0.2752,-0.0011
6270.0000,-0.0001,-0.0084,0.0008,-0.0477,0.0000,-0.0007,-0.8251,-0.0431,-0.8249,-0.1564,-0.0247,0.0001,-0.0047,0.2753,-0.0013
6300.0000,-0.0001,-0.0084,-0.0002,-0.0242,-0.0000,-0.0004,-0.8260,-0.0200,-0.8247,-0.1662,-0.0247,0.0001,-0.0050,0.2753,-0.0014
6330.0000,-0.0011,-0.0334,-0.0033,-0.0990,-0.0001,-0.0015,-0.8259,-0.0234,-0.8260,-0.0732,-0.0248,0.0001,-0.0023,0.2752,-0.0006
6360.0000,-0.0034,-0.0583,-0.0033,-0.0990,-0.0001,-0.0015,-0.8292,-0.1014,-0.8258,-0.0841,-0.0248,0.0001,-0.0025,0.2752,-0.0007
6390.0000,-0.0034,-0.0583,-0.0101,-0.1704,-0.0002,-0.0026,-0.8359,-0.1691,-0.8281,-0.3666,-0.0249,0.0002,-0.0107,0.2751,-0.0030
6420.0000,-0.0069,-0.0830,-0.0204,-0.2414,-0.0003,-0.0037,-0.8350,-0.1596,-0.8340,-0.5943,-0.0250,0.0003,-0.0178,0.2749,-0.0050
6450.0000,-0.0069,-0.0830,-0.0199,-0.2381,-0.0003,-0.0036,-0.8463,-0.2380,-0.8321,-0.5806,-0.0250,0.0004,-0.0174,0.2750,-0.0048
6480.0000,-0.0117,-0.1076,-0.0199,-0.2381,-0.0003,-0.0036,-0.8448,-0.2277,-0.8420,-0.8424,-0.0253,0.0005,-0.0253,0.2746,-0.0071
6510.0000,-0.0177,-0.1318,-0.0515,-0.3813,-0.0008,-0.0058,-0.8600,-0.3055,-0.8388,-0.8288,-0.0252,0.0006,-0.0249,0.2748,-0.0068
6540.0000,-0.0177,-0.1318,-0.0515,-0.3813,-0.0008,-0.0058,-0.8774,-0.3747,-0.8522,-1.0893,-0.0254,0.0006,-0.0288,0.2745,-0.0080
6570.0000,-0.0249,-0.1558,-0.0507,-0.3781,-0.0008,-0.0058,-0.8745,-0.3618,-0.8616,-1.3658,-0.0259,0.0009,-0.0403,0.2738,-0.0112
6600.0000,-0.0249,-0.1558,-0.0714,-0.4468,-0.0011,-0.0068,-0.8975,-0.4374,-0.8590,-1.3244,-0.0258,0.0011,-0.0404,0.2740,-0.0110
6630.0000,-0.0333,-0.1793,-0.0965,-0.5176,-0.0015,-0.0079,-0.8945,-0.4280,-0.8759,-1.5977,-0.0264,0.0011,-0.0473,0.2733,-0.0131
6660.0000,-0.0428,-0.2024,-0.0965,-0.5176,-0.0015,-0.0079,-0.9213,-0.5022,-0.8730,-1.5678,-0.0262,0.0013,-0.0475,0.2735,-0.0130
6690.0000,-0.0428,-0.2024,-0.1228,-0.5807,-0.0019,-0.0088,-0.9477,-0.5652,-0.8926,-1.8387,-0.0269,0.0013,-0.0545,0.2727,-0.0150
6720.0000,-0.0535,-0.2250,-0.1549,-0.6485,-0.0024,-0.0099,-0.9792,-0.6301,-0.9151,-2.0554,-0.0271,0.0015,-0.0584,0.2724,-0.0160
6750.0000,-0.0535,-0.2250,-0.1534,-0.6455,-0.0023,-0.0098,-0.9792,-0.6301,-0.9335,-2.3200,-0.0281,0.0018,-0.0689,0.2712,-0.0189
6780.0000,-0.0653,-0.2471,-0.1534,-0.6455,-0.0023,-0.0098,-0.9740,-0.6184,-0.9287,-2.2820,-0.0279,0.0019,-0.0690,0.2714,-0.0188
6810.0000,-0.0782,-0.2685,-0.2260,-0.7730,-0.0034,-0.0118,-1.0085,-0.6823,-0.9570,-2.5410,-0.0288,0.0020,-0.0755,0.2703,-0.0206
6840.0000,-0.0782,-0.2685,-0.2243,-0.7702,-0.0034,-0.0117,-1.0479,-0.7464,-0.9536,-2.5237,-0.0286,0.0022,-0.0760,0.2706,-0.0206
6870.0000,-0.0921,-0.2892,-0.2662,-0.8325,-0.0040,-0.0127,-1.0429,-0.7380,-0.9857,-2.7562,-0.0295,0.0023,-0.0825,0.2695,-0.0224
6900.0000,-0.0921,-0.2892,-0.2643,-0.8297,-0.0040,-0.0126,-1.0429,-0.7380,-0.9784,-2.7388,-0.0293,0.0024,-0.0822,0.2697,-0.0222
6930.0000,-0.1071,-0.3092,-0.2643,-0.8297,-0.0040,-0.0126,-1.0819,-0.7955,-1.0103,-2.9801,-0.0303,0.0026,-0.0891,0.2685,-0.0240
6960.0000,-0.1230,-0.3285,-0.3092,-0.8898,-0.0047,-0.0135,-1.1295,-0.8586,-1.0066,-2.9629,-0.0301,0.0027,-0.0889,0.2687,-0.0239
6990.0000,-0.1230,-0.3285,-0.3530,-0.9424,-0.0054,-0.0144,-1.1734,-0.9106,-1.0425,-3.2082,-0.0312,0.0029,-0.0959,0.2674,-0.0258
7020.0000,-0.1399,-0.3469,-0.4037,-0.9977,-0.0061,-0.0152,-1.1734,-0.9106,-1.0805,-3.3973,-0.0323,0.0032,-0.1019,0.2662,-0.0274
7050.0000,-0.1399,-0.3469,-0.4014,-0.9952,-0.0061,-0.0152,-1.2169,-0.9566,-1.1099,-3.6240,-0.0333,0.0035,-0.1080,0.2649,-0.0289
7080.0000,-0.1577,-0.3645,-0.4548,-1.0480,-0.0069,-0.0159,-1.2712,-1.0092,-1.1059,-3.6099,-0.0330,0.0036,-0.1085,0.2652,-0.0289
7110.0000,-0.1764,-0.3811,-0.4548,-1.0480,-0.0069,-0.0159,-1.2664,-1.0048,-1.1480,-3.8243,-0.0344,0.0038,-0.1141,0.2636,-0.0304
7140.0000,-0.1764,-0.3811,-0.5084,-1.0956,-0.0077,-0.0167,-1.3232,-1.0545,-1.1431,-3.8105,-0.0341,0.0039,-0.1145,0.2639,-0.0304
7170.0000,-0.1958,-0.3968,-0.5059,-1.0934,-0.0077,-0.0167,-1.3158,-1.0481,-1.1877,-4.0173,-0.0356,0.0041,-0.1199,0.2623,-0.0317
7200.0000,-0.1958,-0.3968,-0.5617,-1.1384,-0.0086,-0.0173,-1.3158,-1.0481,-1.1803,-3.9958,-0.0353,0.0043,-0.1202,0.2626,-0.0317
7230.0000,-0.2160,-0.4115,-0.6224,-1.1826,-0.0095,-0.0180,-1.4335,-1.1377,-1.2276,-4.1948,-0.0368,0.0045,-0.1252,0.2609,-0.0330
7260.0000,-0.2370,-0.4252,-0.6825,-1.2217,-0.0104,-0.0186,-1.4943,-1.1764,-1.2794,-4.3620,-0.0373,0.0047,-0.1284,0.2602,-0.0337
7290.0000,-0.2370,-0.4252,-0.6825,-1.2217,-0.0104,-0.0186,-1.4868,-1.1711,-1.3208,-4.5610,-0.0395,0.0053,-0.1361,0.2577,-0.0355
7320.0000,-0.2585,-0.4378,-0.7446,-1.2578,-0.0113,-0.0191,-1.4850,-1.1692,-1.3132,-4.5431,-0.0391,0.0054,-0.1366,0.2581,-0.0355
7350.0000,-0.2585,-0.4378,-0.7417,-1.2561,-0.0113,-0.0191,-1.5502,-1.2075,-1.3127,-4.5326,-0.0390,0.0053,-0.1360,0.2582,-0.0353
7380.0000,-0.2807,-0.4494,-0.8083,-1.2907,-0.0123,-0.0196,-1.5472,-1.2057,-1.3722,-4.6882,-0.0399,0.0055,-0.1383,0.2572,-0.0359
7410.0000,-0.3035,-0.4598,-0.8735,-1.3203,-0.0133,-0.0201,-1.6148,-1.2403,-1.3623,-4.7044,-0.0405,0.0057,-0.1411,0.2565,-0.0364
7440.0000,-0.3035,-0.4598,-0.8735,-1.3203,-0.0133,-0.0201,-1.6148,-1.2403,-1.4243,-4.8503,-0.0414,0.0059,-0.1433,0.2555,-0.0370
7470.0000,-0.3267,-0.4690,-0.9403,-1.3467,-0.0143,-0.0205,-1.7418,-1.2933,-1.4688,-5.0146,-0.0438,0.0065,-0.1498,0.2529,-0.0383
7500.0000,-0.3267,-0.4690,-0.9403,-1.3467,-0.0143,-0.0205,-1.7394,-1.2920,-1.5283,-5.1325,-0.0444,0.0067,-0.1522,0.2521,-0.0388
7530.0000,-0.3503,-0.4771,-0.9371,-1.3455,-0.0143,-0.0205,-1.7340,-1.2896,-1.5201,-5.1468,-0.0451,0.0070,-0.1543,0.2514,-0.0391
7560.0000,-0.3744,-0.4840,-1.0771,-1.3893,-0.0164,-0.0212,-1.7340,-1.2896,-1.5151,-5.1365,-0.0450,0.0070,-0.1542,0.2515,-0.0391
7590.0000,-0.3744,-0.4840,-1.0740,-1.3884,-0.0164,-0.0211,-1.8806,-1.3355,-1.6425,-5.3981,-0.0490,0.0077,-0.1608,0.2471,-0.0403
7620.0000,-0.3987,-0.4896,-1.1471,-1.4055,-0.0175,-0.0214,-1.8661,-1.3307,-1.6254,-5.3800,-0.0484,0.0079,-0.1617,0.2477,-0.0404
7650.0000,-0.3987,-0.4896,-1.1438,-1.4047,-0.0174,-0.0214,-1.9397,-1.3479,-1.6282,-5.3771,-0.0482,0.0078,-0.1613,0.2479,-0.0403
7680.0000,-0.4233,-0.4941,-1.2177,-1.4181,-0.0185,-0.0216,-1.9397,-1.3479,-1.6981,-5.4730,-0.0482,0.0078,-0.1613,0.2479,-0.0403
7710.0000,-0.4481,-0.4973,-1.2887,-1.4271,-0.0196,-0.0217,-2.0105,-1.3604,-1.6957,-5.4812,-0.0502,0.0083,-0.1644,0.2458,-0.0408
7740.0000,-0.4481,-0.4973,-1.2887,-1.4271,-0.0196,-0.0217,-2.0788,-1.3685,-1.7585,-5.5783,-0.0521,0.0087,-0.1672,0.2437,-0.0413
7770.0000,-0.4730,-0.4993,-1.3603,-1.4326,-0.0207,-0.0218,-2.0696,-1.3674,-1.8180,-5.6657,-0.0539,0.0091,-0.1696,0.2418,-0.0415
7800.0000,-0.4980,-0.5000,-1.3570,-1.4324,-0.0207,-0.0218,-2.1486,-1.3735,-1.8085,-5.6593,-0.0536,0.0092,-0.1699,0.2421,-0.0415
7830.0000,-0.4980,-0.5000,-1.4320,-1.4345,-0.0218,-0.0218,-2.1420,-1.3730,-1.8857,-5.7227,-0.0546,0.0094,-0.1707,0.2410,-0.0416
7860.0000,-0.5230,-0.4995,-1.4320,-1.4345,-0.0218,-0.0218,-2.1420,-1.3730,-1.8757,-5.7303,-0.0556,0.0096,-0.1719,0.2400,-0.0417
7890.0000,-0.5230,-0.4995,-1.5036,-1.4329,-0.0229,-0.0218,-2.2923,-1.3733,-2.0236,-5.8174,-0.0598,0.0104,-0.1745,0.2356,-0.0417
7920.0000,-0.5479,-0.4977,-1.5004,-1.4329,-0.0228,-0.0218,-2.2777,-1.3732,-2.0023,-5.8274,-0.0592,0.0104,-0.1748,0.2363,-0.0417
7950.0000,-0.5728,-0.4947,-1.6463,-1.4188,-0.0251,-0.0216,-2.3558,-1.3677,-2.0041,-5.8282,-0.0592,0.0105,-0.1748,0.2362,-0.0417
7980.0000,-0.5728,-0.4947,-1.6431,-1.4192,-0.0250,-0.0216,-2.4232,-1.3590,-2.0806,-5.8611,-0.0615,0.0109,-0.1757,0.2339,-0.0416
8010.0000,-0.5974,-0.4904,-1.7171,-1.4064,-0.0261,-0.0214,-2.4139,-1.3601,-2.1481,-5.8730,-0.0634,0.0113,-0.1762,0.2319,-0.0413
8040.0000,-0.5974,-0.4904,-1.7138,-1.4070,-0.0261,-0.0214,-2.4921,-1.3467,-2.1380,-5.8741,-0.0631,0.0112,-0.1762,0.2322,-0.0413
8070.0000,-0.6218,-0.4849,-1.7138,-1.4070,-0.0261,-0.0214,-2.4816,-1.3485,-2.2174,-5.8756,-0.0655,0.0117,-0.1763,0.2299,-0.0409
8100.0000,-0.6459,-0.4783,-1.7870,-1.3906,-0.0272,-0.0212,-2.5591,-1.3311,-2.2067,-5.8758,-0.0652,0.0116,-0.1763,0.2302,-0.0410
8130.0000,-0.6459,-0.4783,-1.8528,-1.3721,-0.0282,-0.0209,-2.5591,-1.3311,-2.2861,-5.8642,-0.0675,0.0120,-0.1759,0.2278,-0.0405
8160.0000,-0.6696,-0.4704,-1.8528,-1.3721,-0.0282,-0.0209,-2.6210,-1.3133,-2.3520,-5.8334,-0.0695,0.0123,-0.1751,0.2260,-0.0400
8190.0000,-0.6696,-0.4704,-1.9209,-1.3495,-0.0293,-0.0206,-2.6869,-1.2912,-2.3464,-5.8340,-0.0693,0.0123,-0.1750,0.2261,-0.0400
8220.0000,-0.6929,-0.4613,-1.9909,-1.3223,-0.0303,-0.0201,-2.6804,-1.2933,-2.4229,-5.7890,-0.0716,0.0126,-0.1738,0.2239,-0.0393
8250.0000,-0.7157,-0.4511,-2.0562,-1.2928,-0.0313,-0.0197,-2.8223,-1.2340,-2.4166,-5.7900,-0.0714,0.0125,-0.1737,0.2241,-0.0393
8280.0000,-0.7157,-0.4511,-2.0532,-1.2942,-0.0313,-0.0197,-2.8092,-1.2391,-2.5723,-5.6482,-0.0760,0.0131,-0.1699,0.2197,-0.0376
8310.0000,-0.7380,-0.4397,-2.0532,-1.2942,-0.0313,-0.0197,-2.8092,-1.2391,-2.5600,-5.6505,-0.0757,0.0130,-0.1695,0.2200,-0.0377
8340.0000,-0.7380,-0.4397,-2.1171,-1.2616,-0.0322,-0.0192,-2.8706,-1.2077,-2.6362,-5.5564,-0.0779,0.0132,-0.1670,0.2179,-0.0367
8370.0000,-0.7596,-0.4273,-2.1822,-1.2243,-0.0332,-0.0187,-2.8676,-1.2093,-2.6305,-5.5575,-0.0778,0.0131,-0.1667,0.2180,-0.0367
8400.0000,-0.7807,-0.4138,-2.1822,-1.2243,-0.0332,-0.0187,-2.9362,-1.1700,-2.6270,-5.5624,-0.0777,0.0131,-0.1668,0.2181,-0.0367
8430.0000,-0.7807,-0.4138,-2.2424,-1.1854,-0.0341,-0.0181,-2.9960,-1.1311,-2.7011,-5.4715,-0.0788,0.0133,-0.1655,0.2171,-0.0362
8460.0000,-0.8010,-0.3992,-2.3007,-1.1435,-0.0350,-0.0174,-2.9843,-1.1381,-2.7767,-5.3185,-0.0820,0.0135,-0.1606,0.2141,-0.0344
8490.0000,-0.8010,-0.3992,-2.3007,-1.1435,-0.0350,-0.0174,-3.0481,-1.0924,-2.7656,-5.3259,-0.0821,0.0132,-0.1597,0.2141,-0.0345
8520.0000,-0.8206,-0.3837,-2.3568,-1.0988,-0.0359,-0.0167,-3.0400,-1.0980,-2.8408,-5.1788,-0.0840,0.0135,-0.1563,0.2123,-0.0332
8550.0000,-0.8394,-0.3672,-2.4105,-1.0514,-0.0367,-0.0160,-3.1013,-1.0492,-2.8335,-5.1841,-0.0841,0.0132,-0.1554,0.2123,-0.0333
8580.0000,-0.8394,-0.3672,-2.4105,-1.0514,-0.0367,-0.0160,-3.1522,-1.0036,-2.9042,-5.0380,-0.0860,0.0134,-0.1517,0.2106,-0.0319
8610.0000,-0.8573,-0.3498,-2.4080,-1.0535,-0.0367,-0.0160,-3.1445,-1.0100,-2.9647,-4.8921,-0.0879,0.0133,-0.1468,0.2088,-0.0306
8640.0000,-0.8573,-0.3498,-2.4594,-1.0036,-0.0375,-0.0153,-3.1445,-1.0100,-2.9643,-4.8546,-0.0880,0.0129,-0.1458,0.2089,-0.0306
8670.0000,-0.8743,-0.3315,-2.5106,-0.9486,-0.0382,-0.0145,-3.1984,-0.9575,-3.0255,-4.7051,-0.0898,0.0131,-0.1412,0.2072,-0.0291
8700.0000,-0.8904,-0.3124,-2.5566,-0.8937,-0.0389,-0.0136,-3.2469,-0.9046,-3.0953,-4.4469,-0.0919,0.0126,-0.1343,0.2054,-0.0275
8730.0000,-0.8904,-0.3124,-2.5545,-0.8962,-0.0389,-0.0136,-3.2852,-0.8568,-3.1471,-4.2732,-0.0936,0.0124,-0.1282,0.2039,-0.0259
8760.0000,-0.9055,-0.2925,-2.5999,-0.8364,-0.0396,-0.0128,-3.2828,-0.8593,-3.1503,-4.2199,-0.0937,0.0120,-0.1268,0.2039,-0.0259
8790.0000,-0.9055,-0.2925,-2.5979,-0.8391,-0.0396,-0.0128,-3.3304,-0.7967,-3.1481,-4.2232,-0.0937,0.0119,-0.1267,0.2039,-0.0260
8820.0000,-0.9197,-0.2718,-2.6403,-0.7771,-0.0402,-0.0118,-3.3680,-0.7400,-3.2098,-3.9776,-0.0955,0.0118,-0.1202,0.2024,-0.0242
8850.0000,-0.9327,-0.2505,-2.6776,-0.7160,-0.0408,-0.0109,-3.3659,-0.7429,-3.2559,-3.7856,-0.0963,0.0116,-0.1164,0.2017,-0.0233
8880.0000,-0.9327,-0.2505,-2.6759,-0.7188,-0.0407,-0.0109,-3.4009,-0.6842,-3.2618,-3.7142,-0.0972,0.0110,-0.1120,0.2009,-0.0225
8910.0000,-0.9447,-0.2286,-2.6759,-0.7188,-0.0407,-0.0109,-3.3992,-0.6869,-3.3038,-3.5271,-0.0979,0.0110,-0.1086,0.2004,-0.0216
8940.0000,-0.9447,-0.2286,-2.7102,-0.6558,-0.0413,-0.0100,-3.4348,-0.6204,-3.3093,-3.4560,-0.0987,0.0104,-0.1042,0.1997,-0.0208
8970.0000,-0.9556,-0.2061,-2.7429,-0.5882,-0.0418,-0.0090,-3.4655,-0.5559,-3.3521,-3.2420,-0.0994,0.0104,-0.1005,0.1991,-0.0197
9000.0000,-0.9653,-0.1830,-2.7706,-0.5222,-0.0422,-0.0080,-3.4604,-0.5642,-3.4024,-2.8723,-0.1014,0.0097,-0.0890,0.1974,-0.0170
9030.0000,-0.9653,-0.1830,-2.7693,-0.5252,-0.0422,-0.0080,-3.4889,-0.4953,-3.3990,-2.8664,-0.1016,0.0089,-0.0861,0.1973,-0.0169
9060.0000,-0.9739,-0.1595,-2.7951,-0.4547,-0.0426,-0.0069,-3.4851,-0.5039,-3.4387,-2.5670,-0.1026,0.0087,-0.0793,0.1964,-0.0151
9090.0000,-0.9739,-0.1595,-2.7939,-0.4578,-0.0425,-0.0070,-3.5116,-0.4302,-3.4360,-2.5685,-0.1028,0.0080,-0.0770,0.1963,-0.0151
9120.0000,-0.9812,-0.1357,-2.7939,-0.4578,-0.0425,-0.0070,-3.5116,-0.4302,-3.4730,-2.2483,-0.1037,0.0078,-0.0699,0.1955,-0.0131
9150.0000,-0.9874,-0.1114,-2.8161,-0.3861,-0.0429,-0.0059,-3.5313,-0.3644,-3.4987,-2.0051,-0.1043,0.0071,-0.0638,0.1951,-0.0120
9180.0000,-0.9874,-0.1114,-2.8328,-0.3198,-0.0431,-0.0049,-3.5470,-0.2978,-3.5027,-1.9049,-0.1049,0.0063,-0.0579,0.1946,-0.0111
9210.0000,-0.9924,-0.0869,-2.8477,-0.2462,-0.0434,-0.0038,-3.5453,-0.3044,-3.5242,-1.6664,-0.1052,0.0060,-0.0536,0.1943,-0.0100
9240.0000,-0.9924,-0.0869,-2.8471,-0.2495,-0.0434,-0.0038,-3.5599,-0.2299,-3.5265,-1.5817,-0.1056,0.0052,-0.0481,0.1940,-0.0092
9270.0000,-0.9961,-0.0622,-2.8471,-0.2495,-0.0434,-0.0038,-3.5584,-0.2368,-3.5449,-1.3285,-0.1060,0.0050,-0.0437,0.1938,-0.0080
9300.0000,-0.9986,-0.0374,-2.8652,-0.1040,-0.0436,-0.0016,-3.5766,-0.0868,-3.5464,-1.2534,-0.1063,0.0042,-0.0384,0.1935,-0.0073
9330.0000,-0.9986,-0.0374,-2.8649,-0.1073,-0.0436,-0.0016,-3.5744,-0.1031,-3.5708,-0.7374,-0.1071,0.0036,-0.0221,0.1929,-0.0030
9360.0000,-0.9998,-0.0124,-2.8649,-0.1073,-0.0436,-0.0016,-3.5743,-0.1026,-3.5719,-0.5606,-0.1071,0.0021,-0.0175,0.1928,-0.0032
9390.0000,-0.9998,-0.0124,-2.8687,-0.0323,-0.0437,-0.0005,-3.5743,-0.1026,-3.5720,-0.5422,-0.1071,0.0018,-0.0163,0.1928,-0.0031
9420.0000,-0.9998,0.0126,-2.8685,-0.0356,-0.0437,-0.0005,-3.5776,-0.0344,-3.5778,-0.1804,-0.1073,0.0015,-0.0083,0.1927,-0.0010
9450.0000,-0.9986,0.0376,-2.8685,0.0395,-0.0437,0.0006,-3.5775,0.0441,-3.5773,-0.1792,-0.1073,0.0007,-0.0054,0.1927,-0.0010
9480.0000,-0.9986,0.0376,-2.8649,0.1077,-0.0436,0.0016,-3.5736,0.1127,-3.5774,0.1766,-0.1073,0.0004,0.0025,0.1927,0.0011
9510.0000,-0.9961,0.0624,-2.8574,0.1824,-0.0435,0.0028,-3.5740,0.1058,-3.5729,0.4386,-0.1073,-0.0005,0.0092,0.1927,0.0023
9540.0000,-0.9961,0.0624,-2.8574,0.1824,-0.0435,0.0028,-3.5663,0.1814,-3.5723,0.5094,-0.1072,-0.0015,0.0153,0.1928,0.0031
9570.0000,-0.9923,0.0872,-2.8465,0.2533,-0.0433,0.0038,-3.5671,0.1744,-3.5630,0.7951,-0.1070,-0.0017,0.0199,0.1929,0.0043
9600.0000,-0.9874,0.1117,-2.8465,0.2533,-0.0433,0.0038,-3.5671,0.1744,-3.5619,0.8647,-0.1068,-0.0026,0.0259,0.1931,0.0052
9630.0000,-0.9874,0.1117,-2.8321,0.3235,-0.0431,0.0049,-3.5419,0.3164,-3.5452,1.2351,-0.1063,-0.0034,0.0356,0.1935,0.0073
9660.0000,-0.9812,0.1359,-2.8327,0.3203,-0.0431,0.0049,-3.5440,0.3070,-3.5277,1.4913,-0.1058,-0.0041,0.0447,0.1939,0.0093
9690.0000,-0.9812,0.1359,-2.8141,0.3930,-0.0429,0.0060,-3.5440,0.3070,-3.5259,1.5716,-0.1057,-0.0049,0.0468,0.1940,0.0092
9720.0000,-0.9738,0.1598,-2.8150,0.3897,-0.0429,0.0059,-3.5247,0.3834,-3.5027,1.8303,-0.1050,-0.0052,0.0549,0.1946,0.0113
9750.0000,-0.9652,0.1832,-2.7928,0.4615,-0.0425,0.0070,-3.5043,0.4490,-3.5005,1.9093,-0.1049,-0.0059,0.0570,0.1946,0.0112
9780.0000,-0.9652,0.1832,-2.7692,0.5256,-0.0422,0.0080,-3.4806,0.5129,-3.4729,2.1628,-0.1040,-0.0062,0.0649,0.1954,0.0133
9810.0000,-0.9555,0.2063,-2.7399,0.5948,-0.0417,0.0090,-3.4846,0.5040,-3.4334,2.5600,-0.1028,-0.0074,0.0753,0.1963,0.0152
9840.0000,-0.9555,0.2063,-2.7399,0.5948,-0.0417,0.0090,-3.4541,0.5764,-3.4357,2.5664,-0.1028,-0.0079,0.0770,0.1963,0.0152
9870.0000,-0.9446,0.2288,-2.7412,0.5917,-0.0417,0.0090,-3.4585,0.5672,-3.3936,2.8810,-0.1016,-0.0084,0.0852,0.1974,0.0172
9900.0000,-0.9326,0.2507,-2.7086,0.6593,-0.0413,0.0100,-3.4585,0.5672,-3.3967,2.8788,-0.1015,-0.0088,0.0864,0.1974,0.0171
9930.0000,-0.9326,0.2507,-2.6741,0.7220,-0.0407,0.0110,-3.3917,0.6978,-3.3502,3.1791,-0.1002,-0.0092,0.0942,0.1985,0.0190
9960.0000,-0.9195,0.2720,-2.6756,0.7192,-0.0407,0.0110,-3.3967,0.6894,-3.3098,3.3922,-0.0988,-0.0096,0.1018,0.1996,0.0209
9990.0000,-0.9195,0.2720,-2.6364,0.7832,-0.0402,0.0119,-3.3558,0.7566,-3.3077,3.4511,-0.0988,-0.0101,0.1031,0.1997,0.0208
10020.0000,-0.9054,0.2926,-2.5957,0.8423,-0.0395,0.0128,-3.3558,0.7566,-3.2596,3.6647,-0.0980,-0.0102,0.1067,0.2003,0.0218
10050.0000,-0.8903,0.3125,-2.5957,0.8423,-0.0395,0.0128,-3.3214,0.8075,-3.1969,3.9936,-0.0956,-0.0107,0.1174,0.2024,0.0244
10080.0000,-0.8903,0.3125,-2.5522,0.8992,-0.0389,0.0137,-3.3214,0.8075,-3.2011,3.9955,-0.0953,-0.0114,0.1198,0.2026,0.0245
10110.0000,-0.8742,0.3317,-2.5542,0.8966,-0.0389,0.0137,-3.2786,0.8642,-3.1485,4.1937,-0.0939,-0.0114,0.1250,0.2038,0.0260
10140.0000,-0.8742,0.3317,-2.5080,0.9514,-0.0382,0.0145,-3.2366,0.9146,-3.0914,4.3887,-0.0920,-0.0118,0.1317,0.2054,0.0276
10170.0000,-0.8571,0.3499,-2.5080,0.9514,-0.0382,0.0145,-3.2366,0.9146,-3.0865,4.4542,-0.0918,-0.0123,0.1334,0.2055,0.0276
10200.0000,-0.8392,0.3673,-2.4568,1.0063,-0.0374,0.0153,-3.2392,0.9120,-3.0888,4.4513,-0.0918,-0.0123,0.1335,0.2055,0.0276
10230.0000,-0.8392,0.3673,-2.4053,1.0561,-0.0366,0.0161,-3.1369,1.0167,-3.0212,4.6666,-0.0899,-0.0124,0.1392,0.2072,0.0292
10260.0000,-0.8204,0.3838,-2.3512,1.1034,-0.0358,0.0168,-3.1442,1.0100,-2.9643,4.8148,-0.0880,-0.0125,0.1444,0.2088,0.0307
10290.0000,-0.8204,0.3838,-2.3538,1.1012,-0.0358,0.0168,-3.0851,1.0620,-2.9649,4.8475,-0.0880,-0.0129,0.1453,0.2088,0.0306
10320.0000,-0.8008,0.3994,-2.2950,1.1478,-0.0350,0.0175,-3.0317,1.1040,-2.8987,4.9929,-0.0860,-0.0127,0.1498,0.2106,0.0321
10350.0000,-0.7805,0.4139,-2.2366,1.1893,-0.0341,0.0181,-3.0374,1.1001,-2.8258,5.1904,-0.0839,-0.0130,0.1551,0.2125,0.0334
10380.0000,-0.7805,0.4139,-2.2393,1.1874,-0.0341,0.0181,-2.9790,1.1415,-2.8300,5.1928,-0.0839,-0.0132,0.1558,0.2125,0.0334
10410.0000,-0.7595,0.4274,-2.1761,1.2280,-0.0332,0.0187,-2.9846,1.1380,-2.7607,5.3293,-0.0819,-0.0131,0.1594,0.2143,0.0346
10440.0000,-0.7595,0.4274,-2.1789,1.2262,-0.0332,0.0187,-2.9185,1.1803,-2.7653,5.3287,-0.0819,-0.0132,0.1599,0.2143,0.0345
10470.0000,-0.7378,0.4398,-2.1789,1.2262,-0.0332,0.0187,-2.9272,1.1749,-2.6883,5.4609,-0.0798,-0.0129,0.1630,0.2163,0.0358
10500.0000,-0.7155,0.4512,-2.0499,1.2958,-0.0312,0.0197,-2.8593,1.2140,-2.6964,5.4554,-0.0797,-0.0132,0.1637,0.2163,0.0357
10530.0000,-0.7155,0.4512,-2.0499,1.2958,-0.0312,0.0197,-2.7982,1.2446,-2.6188,5.5690,-0.0776,-0.0129,0.1664,0.2182,0.0368
10560.0000,-0.6927,0.4614,-1.9842,1.3250,-0.0302,0.0202,-2.8044,1.2415,-2.5523,5.6420,-0.0765,-0.0129,0.1682,0.2193,0.0373
10590.0000,-0.6927,0.4614,-1.9842,1.3250,-0.0302,0.0202,-2.8044,1.2415,-2.5546,5.6570,-0.0756,-0.0129,0.1696,0.2201,0.0377
10620.0000,-0.6694,0.4704,-1.9873,1.3236,-0.0303,0.0202,-2.7448,1.2683,-2.4812,5.7199,-0.0734,-0.0126,0.1716,0.2222,0.0386
10650.0000,-0.6456,0.4783,-1.8493,1.3733,-0.0282,0.0209,-2.6000,1.3203,-2.4875,5.7297,-0.0735,-0.0128,0.1719,0.2220,0.0385
10680.0000,-0.6456,0.4783,-1.8524,1.3722,-0.0282,0.0209,-2.6130,1.3158,-2.3358,5.8186,-0.0690,-0.0120,0.1746,0.2264,0.0401
10710.0000,-0.6216,0.4850,-1.7800,1.3923,-0.0271,0.0212,-2.6155,1.3149,-2.3441,5.8351,-0.0693,-0.0122,0.1750,0.2262,0.0400
10740.0000,-0.6216,0.4850,-1.7833,1.3914,-0.0272,0.0212,-2.5397,1.3360,-2.3465,5.8345,-0.0693,-0.0123,0.1750,0.2261,0.0400
10770.0000,-0.5972,0.4905,-1.7833,1.3914,-0.0261,0.0214,-2.5499,1.3332,-2.2669,5.8650,-0.0670,-0.0119,0.1759,0.2284,0.0406
10800.0000,-0.5725,0.4947,-1.7100,1.4078,-0.0261,0.0214,-2.5499,1.3332,-2.2772,5.8631,-0.0673,-0.0120,0.1759,0.2281,0.0405
10830.0000,-0.5725,0.4947,-1.6394,1.4198,-0.0250,0.0216,-2.4725,1.3505,-2.1974,5.8770,-0.0649,-0.0116,0.1763,0.2304,0.0411
10860.0000,-0.5477,0.4977,-1.5681,1.4283,-0.0239,0.0217,-2.4151,1.3599,-2.1296,5.8746,-0.0629,-0.0112,0.1762,0.2325,0.0414
10890.0000,-0.5228,0.4995,-1.5681,1.4283,-0.0239,0.0217,-2.3363,1.3695,-2.1392,5.8743,-0.0632,-0.0113,0.1762,0.2322,0.0413
10920.0000,-0.5228,0.4995,-1.4966,1.4332,-0.0228,0.0218,-2.2687,1.3738,-2.0600,5.8597,-0.0608,-0.0108,0.1758,0.2345,0.0416
10950.0000,-0.4978,0.5000,-1.4999,1.4330,-0.0228,0.0218,-2.2780,1.3731,-1.9950,5.8254,-0.0589,-0.0104,0.1748,0.2365,0.0418
10980.0000,-0.4978,0.5000,-1.4248,1.4345,-0.0217,0.0218,-2.1990,1.3748,-2.0046,5.8277,-0.0591,-0.0104,0.1748,0.2363,0.0417
11010.0000,-0.4728,0.4993,-1.4282,1.4344,-0.0217,0.0218,-2.2092,1.3746,-1.9284,5.7803,-0.0569,-0.0100,0.1736,0.2386,0.0418
11040.0000,-0.4479,0.4973,-1.3532,1.4322,-0.0206,0.0218,-2.1301,1.3724,-1.9389,5.7839,-0.0571,-0.0100,0.1735,0.2384,0.0418
11070.0000,-0.4479,0.4973,-1.2818,1.4264,-0.0195,0.0217,-2.0621,1.3664,-1.8639,5.7221,-0.0550,-0.0096,0.1720,0.2406,0.0417
11100.0000,-0.4231,0.4941,-1.2850,1.4267,-0.0196,0.0217,-2.0683,1.3671,-1.7984,5.6620,-0.0541,-0.0094,0.1708,0.2415,0.0416
11130.0000,-0.4231,0.4941,-1.2139,1.4174,-0.0185,0.0216,-1.9927,1.3572,-1.8077,5.6558,-0.0534,-0.0092,0.1697,0.2422,0.0415
11160.0000,-0.3985,0.4896,-1.1400,1.4040,-0.0174,0.0214,-1.9995,1.3581,-1.7349,5.5807,-0.0524,-0.0090,0.1685,0.2434,0.0414
11190.0000,-0.3742,0.4839,-1.0703,1.3876,-0.0163,0.0211,-1.9247,1.3445,-1.7455,5.5733,-0.0516,-0.0087,0.1672,0.2442,0.0412
11220.0000,-0.3742,0.4839,-1.0735,1.3883,-0.0163,0.0211,-1.8552,1.3279,-1.6741,5.4870,-0.0506,-0.0085,0.1659,0.2453,0.0410
11250.0000,-0.3501,0.4770,-1.0013,1.3676,-0.0153,0.0208,-1.7923,1.3091,-1.6177,5.3627,-0.0477,-0.0079,0.1614,0.2484,0.0403
11280.0000,-0.3501,0.4770,-1.0046,1.3685,-0.0153,0.0208,-1.7946,1.3102,-1.5594,5.2644,-0.0470,-0.0076,0.1594,0.2492,0.0400
11310.0000,-0.3265,0.4689,-0.9335,1.3442,-0.0142,0.0205,-1.8001,1.3120,-1.5667,5.2520,-0.0464,-0.0074,0.1576,0.2499,0.0397
11340.0000,-0.3033,0.4597,-0.8671,1.3176,-0.0132,0.0201,-1.7256,1.2865,-1.5720,5.2605,-0.0465,-0.0074,0.1577,0.2498,0.0397
11370.0000,-0.3033,0.4597,-0.8671,1.3176,-0.0132,0.0201,-1.6625,1.2607,-1.5075,5.1208,-0.0445,-0.0070,0.1542,0.2519,0.0390
11400.0000,-0.2805,0.4493,-0.8018,1.2875,-0.0122,0.0196,-1.6680,1.2633,-1.4500,5.0008,-0.0438,-0.0068,0.1518,0.2527,0.0386
11430.0000,-0.2805,0.4493,-0.8049,1.2889,-0.0123,0.0196,-1.6016,1.2331,-1.4607,4.9938,-0.0433,-0.0065,0.1498,0.2533,0.0382
11460.0000,-0.2583,0.4377,-0.7383,1.2543,-0.0113,0.0191,-1.6046,1.2345,-1.3996,4.8611,-0.0424,-0.0064,0.1478,0.2543,0.0378
11490.0000,-0.2368,0.4251,-0.6765,1.2180,-0.0103,0.0186,-1.5371,1.1996,-1.4084,4.8476,-0.0418,-0.0061,0.1454,0.2550,0.0373
11520.0000,-0.2368,0.4251,-0.6794,1.2196,-0.0103,0.0186,-1.4726,1.1616,-1.3471,4.6989,-0.0409,-0.0060,0.1432,0.2560,0.0368
11550.0000,-0.2159,0.4114,-0.6165,1.1785,-0.0094,0.0180,-1.4870,1.1697,-1.2917,4.5328,-0.0384,-0.0054,0.1360,0.2589,0.0352
11580.0000,-0.2159,0.4114,-0.6194,1.1804,-0.0094,0.0180,-1.4192,1.1264,-1.3146,4.5351,-0.0391,-0.0053,0.1360,0.2582,0.0353
11610.0000,-0.1956,0.3967,-0.5587,1.1362,-0.0085,0.0173,-1.4282,1.1320,-1.2533,4.3615,-0.0373,-0.0051,0.1308,0.2602,0.0341
11640.0000,-0.1762,0.3810,-0.5030,1.0910,-0.0077,0.0166,-1.3052,1.0384,-1.2682,4.3624,-0.0377,-0.0050,0.1309,0.2597,0.0342
11670.0000,-0.1762,0.3810,-0.5030,1.0910,-0.0077,0.0166,-1.3162,1.0465,-1.1585,3.9994,-0.0345,-0.0044,0.1200,0.2634,0.0315
11700.0000,-0.1576,0.3643,-0.5056,1.0931,-0.0077,0.0166,-1.3167,1.0483,-1.1818,3.9871,-0.0352,-0.0042,0.1196,0.2627,0.0316
11730.0000,-0.1576,0.3643,-0.4521,1.0453,-0.0069,0.0159,-1.3167,1.0483,-1.1822,3.9932,-0.0352,-0.0042,0.1198,0.2626,0.0316
11760.0000,-0.1398,0.3468,-0.3987,0.9925,-0.0061,0.0151,-1.2607,0.9982,-1.1388,3.7844,-0.0338,-0.0039,0.1139,0.2642,0.0302
11790.0000,-0.1229,0.3283,-0.3987,0.9925,-0.0061,0.0151,-1.2096,0.9475,-1.0945,3.5946,-0.0326,-0.0037,0.1078,0.2656,0.0286
11820.0000,-0.1229,0.3283,-0.3527,0.9420,-0.0054,0.0143,-1.1634,0.8967,-1.0664,3.3672,-0.0317,-0.0033,0.1013,0.2667,0.0271
11850.0000,-0.1070,0.3091,-0.3048,0.8842,-0.0047,0.0135,-1.1690,0.9039,-1.0719,3.3904,-0.0320,-0.0032,0.1017,0.2665,0.0272
11880.0000,-0.1070,0.3091,-0.3069,0.8868,-0.0047,0.0135,-1.1224,0.8483,-1.0329,3.1515,-0.0308,-0.0030,0.0949,0.2679,0.0254
11910.0000,-0.0920,0.2890,-0.2620,0.8266,-0.0040,0.0126,-1.1240,0.8507,-1.0373,3.1683,-0.0310,-0.0029,0.0950,0.2677,0.0255
11940.0000,-0.0781,0.2683,-0.2222,0.7671,-0.0034,0.0117,-1.0353,0.7253,-1.0379,3.1795,-0.0310,-0.0030,0.0954,0.2676,0.0256
11970.0000,-0.0781,0.2683,-0.2240,0.7698,-0.0034,0.0117,-1.0433,0.7364,-0.9615,2.7354,-0.0287,-0.0027,0.0821,0.2703,0.0219
12000.0000,-0.0652,0.2469,-0.1853,0.7054,-0.0028,0.0108,-1.0434,0.7385,-0.9795,2.7311,-0.0293,-0.0024,0.0819,0.2697,0.0221
12030.0000,-0.0652,0.2469,-0.1871,0.7083,-0.0028,0.0108,-1.0047,0.6741,-0.9795,2.7380,-0.0293,-0.0024,0.0820,0.2697,0.0222
12060.0000,-0.0534,0.2248,-0.1516,0.6421,-0.0023,0.0098,-1.0082,0.6797,-0.9511,2.4931,-0.0283,-0.0023,0.0754,0.2709,0.0203
12090.0000,-0.0427,0.2022,-0.1516,0.6421,-0.0023,0.0098,-0.9706,0.6104,-0.9544,2.5115,-0.0285,-0.0021,0.0751,0.2707,0.0204
12120.0000,-0.0427,0.2022,-0.1226,0.5802,-0.0019,0.0088,-0.9417,0.5485,-0.9267,2.2503,-0.0277,-0.0019,0.0678,0.2716,0.0184
12150.0000,-0.0332,0.1791,-0.1226,0.5802,-0.0019,0.0088,-0.9455,0.5572,-0.9026,2.0360,-0.0270,-0.0018,0.0611,0.2724,0.0165
12180.0000,-0.0332,0.1791,-0.0939,0.5108,-0.0014,0.0078,-0.9149,0.4840,-0.9095,2.0471,-0.0272,-0.0017,0.0614,0.2722,0.0167
12210.0000,-0.0248,0.1556,-0.0701,0.4432,-0.0011,0.0068,-0.9189,0.4937,-0.8834,1.7975,-0.0265,-0.0016,0.0539,0.2731,0.0146
12240.0000,-0.0176,0.1316,-0.0701,0.4432,-0.0011,0.0068,-0.8919,0.4190,-0.8908,1.8092,-0.0267,-0.0014,0.0543,0.2729,0.0148
12270.0000,-0.0176,0.1316,-0.0497,0.3746,-0.0008,0.0057,-0.8730,0.3538,-0.8679,1.5560,-0.0260,-0.0014,0.0467,0.2737,0.0126
12300.0000,-0.0117,0.1073,-0.0506,0.3777,-0.0008,0.0058,-0.8730,0.3538,-0.8584,1.2931,-0.0257,-0.0011,0.0391,0.2741,0.0107
12330.0000,-0.0117,0.1073,-0.0335,0.3081,-0.0005,0.0047,-0.8561,0.2861,-0.8604,1.3220,-0.0258,-0.0010,0.0397,0.2740,0.0109
12360.0000,-0.0069,0.0828,-0.0192,0.2343,-0.0003,0.0036,-0.8561,0.2861,-0.8465,1.0444,-0.0253,-0.0009,0.0317,0.2745,0.0086
12390.0000,-0.0034,0.0581,-0.0093,0.1634,-0.0001,0.0025,-0.8446,0.2252,-0.8363,0.8183,-0.0251,-0.0007,0.0246,0.2748,0.0066
12420.0000,-0.0034,0.0581,-0.0093,0.1634,-0.0001,0.0025,-0.8339,0.1506,-0.8388,0.8197,-0.0252,-0.0006,0.0246,0.2748,0.0068
12450.0000,-0.0011,0.0332,-0.0029,0.0919,-0.0000,0.0014,-0.8282,0.0824,-0.8300,0.5704,-0.0249,-0.0006,0.0171,0.2751,0.0046
12480.0000,-0.0011,0.0332,-0.0032,0.0952,-0.0000,0.0014,-0.8285,0.0886,-0.8273,0.3014,-0.0248,-0.0003,0.0093,0.2752,0.0025
12510.0000,-0.0001,0.0082,-0.0001,0.0202,-0.0000,0.0003,-0.8288,0.0916,-0.8277,0.3202,-0.0248,-0.0002,0.0096,0.2752,0.0027
12540.0000,0.0000,0.0000,0.0000,-0.0010,0.0000,-0.0000,-0.8255,0.0129,-0.8278,0.3329,-0.0248,-0.0002,0.0100,0.2752,0.0027
12570.0000,0.0000,0.0000,-0.0000,0.0000,-0.0000,0.0000,-0.8257,-0.0023,-0.8253,0.0706,-0.0248,-0.0002,0.0021,0.2752,0.0004
12600.0000,0.0000,0.0000,0.0000,-0.0000,0.0000,-0.0000,-0.8257,0.0002,-0.8257,-0.0079,-0.0248,-0.0000,-0.0001,0.2752,-0.0001
12630.0000,0.0000,0.0000,0.0000,-0.0000,0.0000,-0.0000,-0.8257,0.0001,-0.8257,0.0000,-0.0248,0.0000,-0.0001,0.2752,-0.0000
12660.0000,0.0000,0.0000,0.0000,-0.0000,0.0000,-0.0000,-0.8257,-0.0000,-0.8257,0.0003,-0.0248,-0.0000,0.0000,0.2752,0.0000
12690.0000,0.0000,0.0000,-0.0000,0.0000,-0.0000,0.0000,-0.8257,-0.0000,-0.8257,0.0000,-0.0248,-0.0000,0.0000,0.2752,-0.0000
12720.0000,0.0000,0.0000,0.0000,-0.0000,0.0000,-0.0000,-0.8257,0.0000,-0.8257,-0.0000,-0.0248,0.0000,-0.0000,0.2752,-0.0000
12750.0000,0.0000,0.0000,-0.0000,0.0000,-0.0000,0.0000,-0.8257,0.0000,-0.8257,-0.0000,-0.0248,0.0000,-0.0000,0.2752,-0.0000
12780.0000,0.0000,0.0000,0.0000,-0.0000,0.0000,-0.0000,-0.8257,-0.0000,-0.8257,0.0000,-0.0248,-0.0000,0.0000,0.2752,0.0000
12810.0000,0.0000,0.0000,0.0000,-0.0000,0.0000,-0.0000,-0.8257,-0.0000,-0.8257,0.0000,-0.0248,-0.0000,0.0000,0.2752,0.0000
12840.0000,0.0000,0.0000,-0.0000,0.0000,-0.0000,0.0000,-0.8257,0.0000,-0.8257,-0.0000,-0.0248,0.0000,-0.0000,0.2752,-0.0000
12870.0000,0.0000,0.0000,-0.0000,0.0000,-0.0000,0.0000,-0.8257,0.0000,-0.8257,-0.0000,-0.0248,0.0000,-0.0000,0.2752,-0.0000
12900.0000,0.0000,0.0000,-0.0000,0.0000,-0.0000,0.0000,-0.8257,-0.0000,-0.8257,0.0000,-0.0248,-0.0000,0.0000,0.2752,0.0000
12930.0000,0.0000,0.0000,0.0000,-0.0000,0.0000,-0.0000,-0.8257,-0.0000,-0.8257,0.0000,-0.0248,-0.0000,0.0000,0.2752,0.0000
12960.0000,0.0000,0.0000,0.0000,-0.0000,0.0000,-0.0000,-0.8257,0.0000,-0.8257,-0.0000,-0.0248,0.0000,-0.0000,0.2752,-0.0000
12990.0000,0.0000,0.0000,-0.0000,0.0000,-0.0000,0.0000,-0.8257,0.0000,-0.8257,-0.0000,-0.0248,0.0000,-0.0000,0.2752,-0.0000
13020.0000,0.0000,0.0000,0.0000,-0.0000,0.0000,-0.0000,-0.8257,0.0000,-0.8257,0.0000,-0.0248,-0.0000,0.0000,0.2752,0.0000
13050.0000,0.0000,0.0000,0.0000,-0.0000,0.0000,-0.0000,-0.8257,-0.0000,-0.8257,0.0000,-0.0248,-0.0000,0.0000,0.2752,0.0000
13080.0000,0.0000,0.0000,-0.0000,0.0000,-0.0000,0.0000,-0.8257,-0.0000,-0.8257,-0.0000,-0.0248,0.0000,-0.0000,0.2752,-0.0000
13110.0000,0.0000,0.0000,-0.0000,0.0000,-0.0000,0.0000,-0.8257,0.0000,-0.8257,-0.0000,-0.0248,0.0000,-0.0000,0.2752,-0.0000
13140.0000,0.0000,0.0000,0.0000,-0.0000,0.0000,-0.0000,-0.8257,-0.0000,-0.8257,0.0000,-0.0248,0.0000,0.0000,0.2752,0.0000
13170.0000,0.0000,0.0000,-0.0000,0.0000,-0.0000,0.0000,-0.8257,0.0000,-0.8257,0.0000,-0.0248,-0.0000,0.0000,0.2752,-0.0000
13200.0000,0.0000,0.0000,-0.0000,0.0000,-0.0000,0.0000,-0.8257,0.0000,-0.8257,0.0000,-0.0248,-0.0000,0.0000,0.2752,0.0000
13230.0000,0.0000,0.0000,-0.0000,0.0000,-0.0000,0.0000,-0.8257,0.0000,-0.8257,-0.0000,-0.0248,-0.0000,-0.0000,0.2752,-0.0000
13260.0000,0.0000,0.0000,-0.0000,0.0000,-0.0000,0.0000,-0.8257,-0.0000,-0.8257,0.0000,-0.0248,0.0000,0.0000,0.2752,0.0000
13290.0000,0.0000,0.0000,-0.0000,0.0000,-0.0000,0.0000,-0.8257,0.0000,-0.8257,0.0000,-0.0248,-0.0000,0.0000,0.2752,-0.0000
13320.0000,0.0000,0.0000,0.0000,-0.0000,0.0000,-0.0000,-0.8257,-0.0000,-0.8257,0.0000,-0.0248,-0.0000,0.0000,0.2752,0.0000
13350.0000,0.0000,0.0000,-0.0000,0.0000,-0.0000,0.0000,-0.8257,-0.0000,-0.8257,0.0000,-0.0248,-0.0000,0.0000,0.2752,0.0000
13380.0000,0.0000,0.0000,0.0000,-0.0000,0.0000,-0.0000,-0.8257,0.0000,-0.8257,-0.0000,-0.0248,0.0000,-0.0000,0.2752,-0.0000
13410.0000,0.0000,0.0000,-0.0000,0.0000,-0.0000,0.0000,-0.8257,0.0000,-0.8257,-0.0000,-0.0248,0.0000,-0.0000,0.2752,-0.0000
13440.0000,0.0000,0.0000,0.0000,-0.0000,0.0000,-0.0000,-0.8257,-0.0000,-0.8257,0.0000,-0.0248,-0.0000,0.0000,0.2752,0.0000
13470.0000,0.0000,0.0000,-0.0000,0.0000,-0.0000,0.0000,-0.8257,-0.0000,-0.8257,0.0000,-0.0248,-0.0000,0.0000,0.2752,0.0000
13500.0000,0.0000,0.0000,0.0000,-0.0000,0.0000,-0.0000,-0.8257,0.0000,-0.8257,-0.0000,-0.0248,0.0000,-0.0000,0.2752,-0.0000
13530.0000,0.0000,0.0000,0.0000,-0.0000,0.0000,-0.0000,-0.8257,0.0000,-0.8257,-0.0000,-0.0248,0.0000,-0.0000,0.2752,-0.0000
13560.0000,0.0000,0.0000,-0.0000,0.0000,-0.0000,0.0000,-0.8257,0.0000,-0.8257,0.0000,-0.0248,-0.0000,0.0000,0.2752,0.0000
13590.0000,0.0000,0.0000,-0.0000,0.0000,-0.0000,0.0000,-0.8257,-0.0000,-0.8257,0.0000,-0.0248,-0.0000,0.0000,0.2752,0.0000
13620.0000,0.0000,0.0000,0.0000,-0.0000,0.0000,-0.0000,-0.8257,0.0000,-0.8257,0.0000,-0.0248,0.0000,-0.0000,0.2752,-0.0000
13650.0000,0.0000,0.0000,-0.0000,0.0000,-0.0000,0.0000,-0.8257,-0.0000,-0.8257,0.0000,-0.0248,0.0000,0.0000,0.2752,0.0000
13680.0000,0.0000,0.0000,0.0000,-0.0000,0.0000,-0.0000,-0.8257,-0.0000,-0.8257,0.0000,-0.0248,-0.0000,0.0000,0.2752,-0.0000
13710.0000,0.0000,0.0000,-0.0000,0.0000,-0.0000,0.0000,-0.8257,0.0000,-0.8257,0.0000,-0.0248,-0.0000,0.0000,0.2752,0.0000
13740.0000,0.0000,0.0000,0.0000,-0.0000,0.0000,-0.0000,-0.8257,-0.0000,-0.8257,-0.0000,-0.0248,-0.0000,-0.0000,0.2752,-0.0000
13770.0000,0.0000,0.0000,-0.0000,0.0000,-0.0000,0.0000,-0.8257,-0.0000,-0.8257,0.0000,-0.0248,-0.0000,0.0000,0.2752,0.0000
13800.0000,0.0000,0.0000,-0.0000,0.0000,-0.0000,0.0000,-0.8257,-0.0000,-0.8257,0.0000,-0.0248,-0.0000,0.0000,0.2752,-0.0000
13830.0000,0.0000,0.0000,-0.0000,0.0000,-0.0000,0.0000,-0.8257,0.0000,-0.8257,0.0000,-0.0248,-0.0000,0.0000,0.2752,0.0000
13860.0000,0.0000,0.0000,-0.0000,0.0000,-0.0000,0.0000,-0.8257,-0.0000,-0.8257,0.0000,-0.0248,-0.0000,0.0000,0.2752,-0.0000
13890.0000,0.0000,0.0000,-0.0000,0.0000,-0.0000,0.0000,-0.8257,0.0000,-0.8257,0.0000,-0.0248,-0.0000,0.0000,0.2752,0.0000
13920.0000,0.0000,0.0000,0.0000,-0.0000,0.0000,-0.0000,-0.8257,-0.0000,-0.8257,0.0000,-0.0248,-0.0000,0.0000,0.2752,-0.0000
13950.0000,0.0000,0.0000,-0.0000,0.0000,-0.0000,0.0000,-0.8257,-0.0000,-0.8257,0.0000,-0.0248,-0.0000,0.0000,0.2752,0.0000
13980.0000,0.0000,0.0000,0.0000,-0.0000,0.0000,-0.0000,-0.8257,-0.0000,-0.8257,0.0000,-0.0248,-0.0000,0.0000,0.2752,0.0000
14010.0000,0.0000,0.0000,0.0000,-0.0000,0.0000,-0.0000,-0.8257,0.0000,-0.8257,-0.0000,-0.0248,0.0000,-0.0000,0.2752,-0.0000
